44444 4444444. n« 4. 444444. 49

oum. 44. 4. 4. 44. u.

444, 4. 444. 44. 0444444444444444444. 444444
..1.44 04444,.44444444444444444 um 444·
lum gerit 44 4444444 444444. 49

lem. 494. 49. 44444444 4444414444 04444444944444444. 44-
4444.

444,.4 494. 44. Puml’hmdlu,hqul’onpolmcnmh·

44444. 4444.
444,4. 444. 44. Com occidutur 4444.
... 444444 44 0444444, perennem 0444444, 444 4444
44 4444 4444444 convertent, Antonio 4444444444,
44 ornatam 44 Syriam 4444444. Attio. 4.
444, 4. 499. 44. 44444444, 444444444444444, 4444444444. 444. 4.
laen Mutine 4444144444,4444 44444444 4444444414
44444444. 44444. 9. Fam. 44.
... 44444 44444444 reipublice 4444444444.. mn.
44.
... Proscriptum. 444. 49. 44.
..... ... ... 444444444444444.444.44.
........... cicero 4444444444. Fuga. 44.
444, 4. 444. 44. 44444444 Philippense, 44 44444444444444144
(summon-
444,4. 449. 44. memoritur. 44444.

, 4444444144 4444444444444444444414444444444444444444444441,
44444 4444444444 4444444.

 

